(yr, [ 700, 703, 706, 708, 710, 711, 712, 713, 714, 716, 718, nil, 720, 721, 723, 728]),
(yr, [ 910, 913, 916, 918, 920, 921, 922, 923, 924, 926, 928, nil, 930, 931, 933, 938]),
(yr, [ 940, 943, 946, 948, 950, 951, 952, 953, 954, 956, 958, nil,1000,1001,1003,1008]),
(yr, [1010,1013,1016,1018,1020,1021,1022,1023,1024,1026,1028, nil,1030,1031,1033,1038]),
(yr, [1140,1143,1146,1148,1150,1151,1152,1153,1154,1156,1158, nil,1200,1201,1203,1208]),
(yr, [1210,1213,1216,1218,1220,1221,1222,1223,1224,1226,1228, nil,1230,1231,1233,1238]),
(yr, [1240,1243,1246,1248,1250,1251,1252,1253,1254,1256,1258, nil,1300,1301,1303,1308]),
(yr, [1310,1313,1316,1318,1320,1321,1322,1323,1324,1326,1328, nil,1330,1331,1333,1338]),
(sc, [1400,1403,1406,1408,1410,1411,1412,1413,1414,1416,1418,1420,1421,1422,1423,1428]),
(yr, [1520,1523,1526,1528,1530,1531,1532,1533,1534,1536,1538, nil,1540,1541,1543,1548]),
(yr, [1620,1623,1626,1628,1630,1631,1632,1633,1634,1636,1638, nil,1640,1641,1643,1648]),
(yr, [1700,1703,1706,1708,1710,1711,1712,1713,1714,1716,1718, nil,1720,1721,1723,1728]),
(yr, [1810,1813,1816,1818,1820,1821,1822,1823,1824,1826,1828, nil,1830,1831,1833,1838]),
(yr, [1910,1913,1916,1918,1920,1921,1922,1923,1924,1926,1928, nil,1930,1931,1933,1938]),
(yr, [1940,1943,1946,1948,1950,1951,1952,1953,1954,1956,1958, nil,2000,2001,2003,2008]),
(yr, [2010,2013,2016,2018,2020,2021,2022,2023,2024,2026,2028, nil,2030,2031,2033,2038]),
(yr, [2040,2043,2046,2048,2050,2051,2052,2053,2054,2056,2058, nil,2100,2101,2103,2108]),
(yr, [2110,2113,2116,2118,2120,2121,2122,2123,2124,2126,2128, nil,2130,2131,2133,2148]),


(sc, [ 740, 743, 746, 747, 748, 750, 751, 752, 753, 756, 758, 800, 801, 803, 804, 806, 811]),
(sc, [ 820, 823, 826, 827, 828, 830, 831, 832, 833, 837, 839, 841, 842, 843, 844, 846, 852]),
(sc, [1440,1443,1446,1447,1448,1450,1451,1452,1453,1456,1458,1500,1501,1503,1504, nil,1508]),
(yr, [2140,2143,2146,2147,2148, nil,2150,2151,2152,2156,2158,2200,2201,2203,2204, nil,2208]),


(yr, [1030,1033,1036,1038,1040,1041,1042,1043, nil,1044,1046,1048, nil,1050,1051,1053,1100]),
(yr, [1400,1403,1406,1408,1410,1411,1412,1413, nil,1414,1416,1418, nil,1420,1421,1423,1428]),
(yr, [1710,1713,1716,1718,1720,1721,1722,1723, nil,1724,1726,1728, nil,1730,1731,1733,1738]),
(yr, [2040,2043,2046,2048,2050,2051,2052,2053, nil,2054,2056,2058, nil,2100,2101,2103,2108]),